total size: 6292069
size:6292069
start sort
2 5 6 7 10 12 12 14 16 16
score:20.5588
6 6 6 7 7 10 10 14 16 18
score:20.4597
1 1 7 7 7 11 11 12 18 25
score:20.3147
4 6 9 9 10 10 12 13 13 14
score:20.2598
1 3 7 9 10 10 11 15 16 18
score:20.227
2 5 6 6 9 14 14 14 14 16
score:20.1883
1 7 9 10 11 11 11 11 13 16
score:20.0895
4 4 5 9 12 12 13 13 14 14
score:19.979
0 1 6 7 9 10 13 14 14 26
score:19.9448
3 3 4 6 9 11 13 13 13 25
score:19.8997
******************
size:3146034
start sort
0 0 0 0 0 0 0 2 45 53
score:13.1837
0 0 0 0 0 0 0 1 46 53
score:13.1547
0 0 0 0 0 0 0 0 45 55
score:13.1194
0 0 0 0 0 0 0 0 47 53
score:13.1178
0 0 0 0 0 0 0 1 44 55
score:13.0977
0 0 0 0 0 0 0 2 41 57
score:13.0696
0 0 0 0 0 0 0 1 42 57
score:13.0656
0 0 0 0 0 0 1 1 42 56
score:12.9808
0 0 0 0 0 0 1 1 41 57
score:12.9639
0 0 0 0 0 0 0 0 42 58
score:12.8725
******************
size:1573017
start sort
1 1 1 1 1 1 1 1 41 51
score:15.0046
1 1 1 1 1 1 1 2 42 49
score:14.5472
0 0 0 0 0 0 0 0 44 56
score:14.5379
0 0 0 0 0 0 1 1 43 55
score:14.5373
1 1 1 1 1 1 1 1 40 52
score:14.452
0 0 0 0 0 0 0 2 45 53
score:14.4449
0 0 0 0 0 0 0 0 41 59
score:14.4312
1 1 1 1 1 1 1 2 39 52
score:14.4256
0 0 1 1 1 1 1 1 41 53
score:14.4242
0 0 0 0 0 1 2 3 43 51
score:14.4231
******************
size:786508
start sort
3 7 7 7 11 13 13 13 13 13
score:14.8033
1 3 5 9 9 13 15 15 15 15
score:14.7777
1 3 7 9 9 11 15 15 15 15
score:14.7724
1 5 7 10 11 13 13 13 13 14
score:14.752
3 3 5 7 7 15 15 15 15 15
score:14.7464
1 3 7 11 11 13 13 13 14 14
score:14.7232
2 5 9 9 11 12 13 13 13 13
score:14.7186
1 5 9 9 11 13 13 13 13 13
score:14.6879
1 1 10 11 11 13 13 13 13 14
score:14.6744
1 3 5 7 11 13 15 15 15 15
score:14.6428
******************
size:393254
start sort
1 1 1 1 1 1 1 1 43 49
score:16.7102
1 1 1 1 1 1 2 2 41 49
score:16.5523
1 1 1 1 1 1 1 1 39 53
score:16.5401
1 1 1 1 3 3 3 3 39 45
score:16.5255
1 1 1 1 1 1 3 3 39 49
score:16.5252
1 1 1 1 1 1 1 5 39 49
score:16.5082
1 1 1 1 1 1 1 2 41 50
score:16.5052
1 1 1 1 1 1 1 3 39 51
score:16.4936
1 1 1 1 1 1 1 3 41 49
score:16.4931
1 1 1 1 1 1 1 1 45 47
score:16.4692
******************
size:196627
start sort
0 0 0 0 0 0 1 29 33 37
score:16.7289
0 0 0 0 0 0 0 31 32 37
score:16.6906
0 0 0 0 0 0 0 32 33 35
score:16.6811
0 0 0 0 0 0 1 31 31 37
score:16.6468
0 0 0 0 0 0 0 31 34 35
score:16.6382
0 0 0 0 0 0 0 30 33 37
score:16.6258
0 0 0 0 0 0 0 29 33 38
score:16.6204
0 0 0 0 0 0 1 27 33 39
score:16.5978
0 0 0 0 0 0 0 29 34 37
score:16.5806
0 0 0 0 0 0 0 27 34 39
score:16.5494
******************
size:98313                                             
start sort
1 3 3 7 11 15 15 15 15 15
score:17.6149
1 3 7 7 7 15 15 15 15 15
score:17.5999
1 3 7 7 11 11 15 15 15 15
score:17.5545
3 3 5 7 7 15 15 15 15 15
score:17.4983
3 3 3 7 9 15 15 15 15 15
score:17.49
1 5 5 7 7 15 15 15 15 15
score:17.4871
3 3 7 7 7 13 15 15 15 15
score:17.45
3 3 5 7 11 11 15 15 15 15
score:17.432
1 3 3 7 7 11 17 17 17 17
score:17.4178
1 3 3 8 10 15 15 15 15 15
score:17.4051
******************
size:49156
start sort
0 0 0 0 0 0 0 31 33 36
score:19.204
0 0 0 0 0 0 0 31 34 35
score:19.1759
0 0 0 0 0 0 0 32 33 35
score:19.1699
0 0 0 0 0 0 1 31 33 35
score:19.158
0 0 0 0 0 0 0 31 31 38
score:19.0264
0 0 0 0 0 0 1 31 31 37
score:19.0094
0 0 0 0 0 0 0 31 32 37
score:19.0053
0 0 0 0 1 1 1 31 31 35
score:18.5794
0 0 0 0 0 0 1 32 32 35
score:18.5512
0 0 0 0 0 1 1 31 31 36
score:18.5207
******************
size:24578
start sort
0 0 0 0 1 1 23 25 25 25
score:18.8187
0 0 0 0 0 0 19 27 27 27
score:18.7408
0 0 0 0 0 0 19 23 29 29
score:18.6558
0 0 1 1 1 1 23 23 25 25
score:18.6295
0 0 0 0 1 1 19 25 27 27
score:18.6252
0 0 0 1 1 1 23 23 25 26
score:18.5854
0 0 0 1 1 1 23 24 25 25
score:18.5854
0 0 0 0 0 0 19 23 25 33
score:18.3541
1 1 1 1 1 1 19 25 25 25
score:18.2914
0 0 0 0 0 0 23 23 23 31
score:18.1535
******************
size:12289
start sort
0 0 0 0 0 0 19 27 27 27
score:14.6913
1 1 1 1 1 19 19 19 19 19
score:14.6089
0 0 0 0 0 0 19 23 25 33
score:14.5951
0 0 0 0 1 1 23 25 25 25
score:14.5419
0 0 0 0 1 1 19 25 27 27
score:14.5057
0 0 0 0 0 0 23 23 23 31
score:14.4739
0 0 0 0 0 0 19 23 29 29
score:14.4565
1 3 3 3 15 15 15 15 15 15
score:14.3661
0 0 3 7 15 15 15 15 15 15
score:14.3588
0 0 0 0 0 0 17 27 27 29
score:14.3333
******************
size:6144
start sort
3 7 7 7 7 7 7 7 7 41
score:15.8273
5 7 7 7 7 7 7 7 7 39
score:15.8001
3 7 7 7 7 7 7 8 8 39
score:15.7329
3 7 7 7 7 7 7 7 8 40
score:15.7329
3 7 7 7 7 7 7 7 9 39
score:15.7329
4 7 7 7 7 7 7 7 8 39
score:15.7329
4 7 7 7 7 7 7 7 7 40
score:15.7329
7 7 7 7 7 7 7 7 7 37
score:15.607
1 7 7 7 7 7 7 7 7 43
score:15.5318
6 7 7 7 7 7 7 7 7 38
score:15.4045
******************
size:3072
start sort
0 0 0 0 0 0 1 31 31 37
score:20.6249
0 0 0 0 0 0 1 31 33 35
score:20.6031
0 0 0 0 0 0 0 31 31 38
score:20.5907
0 0 0 0 0 0 0 31 32 37
score:20.5907
0 0 0 0 0 0 0 32 33 35
score:20.5689
0 0 0 0 0 0 0 31 33 36
score:20.5689
0 0 0 0 0 0 0 31 34 35
score:20.5689
0 0 0 0 1 1 1 31 31 35
score:20.549
0 0 0 0 0 0 3 31 31 35
score:20.4865
0 0 0 0 0 1 1 31 32 35
score:20.479
******************
size:1536
start sort
0 0 0 0 1 1 1 31 31 35
score:16.0163
0 0 1 1 1 1 1 31 31 33
score:15.9915
0 0 0 0 0 0 1 31 33 35
score:15.9368
0 0 0 0 1 1 1 31 33 33
score:15.9023
0 0 0 0 0 0 7 31 31 31
score:15.8932
0 0 0 0 0 0 3 31 31 35
score:15.8912
1 1 7 7 7 11 11 11 11 33
score:15.8879
0 0 0 0 0 1 1 31 31 36
score:15.8762
0 0 0 0 0 1 1 31 32 35
score:15.8762
0 0 0 0 0 1 2 31 31 35
score:15.8762
******************
size:768
start sort
0 0 0 0 1 1 1 31 31 35
score:21.8957
0 0 1 1 1 1 1 31 31 33
score:21.8592
0 0 0 0 0 0 1 31 33 35
score:21.7249
0 0 0 0 1 1 1 31 33 33
score:21.6688
0 0 0 0 0 0 3 31 31 35
score:21.6454
0 0 0 0 0 1 1 31 31 36
score:21.6154
0 0 0 0 0 1 1 31 32 35
score:21.6154
0 0 0 0 0 1 2 31 31 35
score:21.6154
0 0 0 0 1 1 3 31 31 33
score:21.5893
0 0 0 0 0 0 0 32 33 35
score:21.588
******************
size:384
start sort
0 0 1 1 1 1 1 31 31 33
score:17.0339
0 0 0 0 1 1 1 31 31 35
score:16.8721
0 0 0 0 1 1 1 31 33 33
score:16.6057
0 0 0 0 1 1 3 31 31 33
score:16.4935
0 0 0 0 0 0 1 31 33 35
score:16.483
0 0 0 1 1 1 2 31 31 33
score:16.4386
0 0 0 1 1 1 1 31 31 34
score:16.4386
0 0 0 1 1 1 1 31 32 33
score:16.4386
1 1 1 1 7 7 7 7 33 35
score:16.389
0 0 0 0 0 0 3 31 31 35
score:16.3708
******************
size:192
start sort
1 1 1 7 15 15 15 15 15 15
score:22.5079
0 0 3 7 15 15 15 15 15 15
score:21.7173
1 3 7 7 7 15 15 15 15 15
score:21.644
3 3 3 7 9 15 15 15 15 15
score:21.4346
3 3 4 7 8 15 15 15 15 15
score:21.4346
3 3 5 7 7 15 15 15 15 15
score:21.4346
3 3 3 8 8 15 15 15 15 15
score:21.4346
3 3 4 7 7 15 15 15 15 16
score:21.4346
3 3 3 7 7 15 15 15 16 16
score:21.4346
3 3 3 7 8 15 15 15 15 16
score:21.4346
******************
size:96
start sort
0 0 3 7 15 15 15 15 15 15
score:20.3474
1 1 1 7 15 15 15 15 15 15
score:19.9579
1 3 7 7 7 15 15 15 15 15
score:17.7895
3 3 3 7 9 15 15 15 15 15
score:17.4421
3 3 4 7 8 15 15 15 15 15
score:17.4421
3 3 5 7 7 15 15 15 15 15
score:17.4421
3 3 3 8 8 15 15 15 15 15
score:17.4421
3 3 4 7 7 15 15 15 15 16
score:17.4421
3 3 3 7 7 15 15 15 16 16
score:17.4421
3 3 3 7 8 15 15 15 15 16
score:17.4421
******************
size:48
start sort
0 0 3 7 15 15 15 15 15 15
score:18.9787
1 1 1 7 15 15 15 15 15 15
score:18.5532
1 3 7 7 7 15 15 15 15 15
score:18.4681
3 3 3 7 9 15 15 15 15 15
score:17.7021
3 3 4 7 8 15 15 15 15 15
score:17.7021
3 3 5 7 7 15 15 15 15 15
score:17.7021
3 3 3 8 8 15 15 15 15 15
score:17.7021
3 3 4 7 7 15 15 15 15 16
score:17.7021
3 3 3 7 7 15 15 15 16 16
score:17.7021
3 3 3 7 8 15 15 15 15 16
score:17.7021
******************
size:24
start sort
0 0 1 1 3 3 3 23 31 35
score:15.5217
1 1 3 3 7 7 7 7 31 33
score:14.6087
0 1 3 3 7 7 7 8 31 33
score:14.3913
1 3 3 3 7 7 7 7 31 31
score:13.4783
0 3 3 3 7 7 7 8 31 31
score:13.2609
0 3 3 3 7 7 7 7 31 32
score:13.2609
1 1 1 7 7 7 7 7 31 31
score:13.2174
1 1 1 1 1 11 15 15 15 39
score:11.1304
0 0 3 7 15 15 15 15 15 15
score:10.5652
1 1 1 7 15 15 15 15 15 15
score:10.4348
******************
size:12
start sort
1 3 7 7 7 15 15 15 15 15
score:19.2727
0 0 3 7 15 15 15 15 15 15
score:18.9091
1 1 1 7 15 15 15 15 15 15
score:18.6364
1 1 7 8 8 15 15 15 15 15
score:18.1818
1 3 3 3 7 7 7 7 31 31
score:13.5455
1 1 1 7 7 7 7 7 31 31
score:13.1818
0 3 3 3 7 7 7 8 31 31
score:13.0909
0 3 3 3 7 7 7 7 31 32
score:13.0909
0 0 1 1 3 3 3 23 31 35
score:12.5455
1 1 3 3 7 7 7 7 31 33
score:12.4545
******************
size:6
start sort
1 3 3 3 7 7 7 7 31 31
score:18.2
1 1 1 7 7 7 7 7 31 31
score:16.6
1 3 7 7 7 15 15 15 15 15
score:13.4
0 0 3 7 15 15 15 15 15 15
score:13.4
1 1 1 7 15 15 15 15 15 15
score:12.8
1 1 7 8 8 15 15 15 15 15
score:12.2
******************
size:3
start sort
1 3 7 7 7 15 15 15 15 15
score:27
1 3 3 3 7 7 7 7 31 31
score:12
1 1 1 7 7 7 7 7 31 31
score:11.5
******************

